158
192
136
197
166
122
131
115
107
114
166
145
180
133
1000487
1000481
199
177
166
112
185
174
140
150
111
154
153
149
100
159
186
183
167
167
119
123
123
127
165
143
168
192
168
134
128
107
198
198
132
163
118
120
115
192
178
119
166
128
150
160
160
138
126
168
128
151
169
175
125
156
191
186
116
188
190
184
143
161
171
127
121
175
131
174
179
196
110
106
133
161
128
131
108
197
144
107
112
172
110
182
156
175
101
162
172
145
195
193
126
104
196
164
167
185
195
129
189
119
109
129
171
189
120
124
142
177
128
187
186
141
162
147
190
177
112
169
117
109
174
144
139
132
123
183
192
133
157
172
142
188
146
112
175
165
152
178
152
130
190
178
174
104
119
132
124
140
169
192
155
183
194
104
152
139
113
107
197
132
123
162
184
143
141
188
137
144
168
158
163
123
160
181
185
195
130
194
138
157
188
188
190
148
